[url_params]
duration=120
interval=1
lat=40.7142700
lon=-74.0059700